0431010840
0431652811
0431372948
0431591239
0431515268
0431195470
0431956352
0431943815
0431302974
0431927770
0431204825
0431463211
0431076038
0431765629
0431293878
0431518184
0431006797
0431825875
0431831513
0431345556
0431977594
0431109206
0431182249
0431042908
0431081214
0431646933
0431271720
0431852048
0431942464
0431915770
0431032202
0431332259
0431014444
0431613026
0431266879
0431329913
0431254233
0431748113
0431763504
0431599820
0431247511
0431410012
0431788341
0431326831
0431043072
0431525387
0431235272
0431632990
0431101150
0431423243
0431504452
0431518368
0431565009
0431950786
0431344078
0431553610
0431323232
0431099828
0431926210
0431459938
0431846483
0431318809
0431840009
0431823691
0431635867
0431336896
0431802492
0431979160
0431935516
0431736136
0431994538
0431628273
0431507092
0431182078
0431617813
0431895419
0431388559
0431833455
0431098244
0431930043
0431433252
0431897958
0431092340
0431517171
0431714393
0431384821
0431945430
0431756539
0431963126
0431965236
0431599007
0431876726
0431399135
0431218766
0431071915
0431575168
0431805942
0431202213
0431304455
0431122252
0431430409
0431686280
0431574580
0431394064
0431225637
0431222351
0431960470
0431017900
0431046565
0431228858
0431607891
0431560625
0431178886
0431001489
0431860708
0431486655
0431754873
0431306779
0431214504
0431680730
0431357795
0431494627
0431718720
0431720881
0431202215
0431322308
0431104826
0431796397
0431843338
0431219988
0431884067
0431188565
0431801204
0431970343
0431182030
0431851519
0431901957
0431287748
0431892719
0431074239
0431676559
0431315321
0431042362
0431181937
0431529367
0431284870
0431032599
0431636389
0431843852
0431360553
0431415891
0431643030
0431420495
0431022603
0431931239
0431083778
0431052410
0431207028
0431421953
0431105980
0431818924
0431871756
0431843511
0431776835
0431334503
0431815985
0431270752
0431050004
0431806430
0431787854
0431251254
0431592122
0431401088
0431591086
0431387011
0431665019
0431584181
0431642742
0431953838
0431364623
0431809656
0431368307
0431399439
0431016878
0431909136
0431976396
0431021181
0431014858
0431118008
0431307542
0431182242
0431125305
0431409555
0431490044
0431141529
0431716393
0431534098
0431987678
0431663168
0431250745
0431663846
0431984402
0431427710
0431396000
0431371864
0431472554
0431009129
0431578159
0431657378
0431423575
0431644406
0431541485
0431446493
0431992592
0431912107
0431615708
0431101047
0431073037
0431475375
0431623256
0431345227
0431211106
0431370454
0431361111
0431272822
0431004357
0431640121
0431196162
0431237657
0431948806
0431521779
0431678950
0431185643
0431452266
0431077646
0431729619
0431431688
0431367308
0431088526
0431642151
0431682695
0431592204
0431144514
0431222354
0431447753
0431732774
0431221345
0431030439
0431241746
0431331516
0431047194
0431467883
0431277276
0431586217
0431277391
0431416623
0431065704
0431018828
0431368034
0431843675
0431599197
0431459324
0431543881
0431401504
0431405893
0431255485
0431444930
0431153839
0431286113
0431611668
0431003230
0431820863
0431614021
0431721175
0431651510
0431390154
0431365129
0431620655
0431886564
0431295486
0431355822
0431663093
0431244390
0431662986
0431037131
0431474122
0431562990
0431954925
0431250347
0431583124
0431608681
0431482513
0431443500
0431460872
0431615702
0431017754
0431615096
0431142795
0431791571
0431659059
0431305146
0431726612
0431475247
0431684670
0431658500
0431449320
0431698349
0431289287
0431675289
0431520347
0431051904
0431702201
0431689622
0431042602
0431865673
0431276921
0431400338
0431055659
0431836206
0431053276
0431615744
0431712840
0431684130
0431470232
0431495665
0431233130
0431244727
0431452409
0431199780
0431941869
0431470846
0431633324
0431873262
0431678552
0431452834
0431198574
0431434321
0431856884
0431482798
0431114779
0431461293
0431933582
0431891519
0431025764
0431056314
0431305011
0431761705
0431412532
0431416145
0431766669
0431409157
0431737801
0431955191
0431448748
0431965135
0431004542
0431481356
0431776300
0431901307
0431135622
0431816061
0431086321
0431165035
0431859220
0431551804
0431364284
0431730831
0431432204
0431709176
0431678398
0431872652
0431509381
0431014182
0431361646
0431037913
0431918501
0431910071
0431123006
0431262413
0431066922
0431736884
0431047065
0431800680
0431432307
0431662485
0431824350
0431142206
0431914032
0431143036
0431432838
0431246594
0431920332
0431064237
0431066802
0431141204
0431268522
0431639664
0431784899
0431581237
0431404881
0431296830
0431957413
0431438486
0431583755
0431247733
0431669985
0431219255
0431044460
0431593323
0431747209
0431441648
0431578291
0431265806
0431890329
0431238567
0431840892
0431749828
0431681319
0431723318
0431350442
0431252522
0431966738
0431102556
0431877281
0431133894
0431652485
0431476118
0431057788
0431494659
0431585452
0431177927
0431430620
0431290461
0431476602
0431899353
0431196290
0431105931
0431686359
0431290822
0431860358
0431612852
0431743186
0431446957
0431307300
0431587264
0431738343
0431450626
0431746775
0431207044
0431309486
0431146174
0431659756
0431804284
0431718428
0431720502
0431562221
0431071576
0431032843
0431405893
0431792534
0431507702
0431869007
0431968296
0431567085
0431564671
0431883931
0431943587
0431082403
0431228516
0431511181
0431568121
0431112976
0431066413
0431900971
0431736730
0431755217
0431938888
0431506186
0431741619
0431483738
0431794156
0431550499
0431460069
0431462752
0431424167
0431640260
0431471647
0431710930
0431882425
0431894431
0431954138
0431310890
0431912627
0431340288
0431631768
0431845246
0431695881
0431199982
0431691509
0431669995
